| feed cost | π (share of draws) | lowest percent a discerning bee accepts | percent maximising pollen/min (5 blind, 9 discerning) |
|---|---|---|---|
| 5 | 0.07 | 20 | 20 |
| 5 | 0.15 | 19 | 21 |
| 5 | 0.25 | 19 | 23 |
| 5 | 0.40 | 17 | 23 |
| 5 | 0.60 | 15 | 15 |
| 5 | 0.80 | 10 | 10 |
| 5 | 0.90 | 6 | 6 |
| 20 | 0.07 | 27 | 57 |
| 20 | 0.15 | 27 | 43 |
| 20 | 0.25 | 26 | 38 |
| 20 | 0.40 | 25 | 35 |
| 20 | 0.60 | 23 | 33 |
| 20 | 0.80 | 19 | 20 |
| 20 | 0.90 | 15 | 15 |
| 50 | 0.07 | 29 | 41 |
| 50 | 0.15 | 29 | 35 |
| 50 | 0.25 | 29 | 33 |
| 50 | 0.40 | 28 | 32 |
| 50 | 0.60 | 27 | 32 |
| 50 | 0.80 | 24 | 24 |
| 50 | 0.90 | 20 | 20 |
